The initial cost matrix is: 

 0:  0   1   1   1   1   0   0   0   0   
 1:  1   0   1   1   1   1   0   0   0   
 2:  1   1   0   1   1   1   1   0   0   
 3:  1   1   1   0   1   1   1   1   0   
 4:  1   1   1   1   0   1   1   1   1   
 5:  0   1   1   1   1   0   1   1   1   
 6:  0   0   1   1   1   1   0   1   1   
 7:  0   0   0   1   1   1   1   0   1   
 8:  0   0   0   0   1   1   1   1   0   


The Shortest Distance is: 

 0:  0   0   0   0   1   0   0   0   0   
 1:  0   0   0   0   1   0   0   0   0   
 2:  0   0   0   0   1   0   0   0   0   
 3:  0   0   0   0   1   0   0   0   0   
 4:  1   1   1   1   0   1   1   1   1   
 5:  0   0   0   0   1   0   0   0   0   
 6:  0   0   0   0   1   0   0   0   0   
 7:  0   0   0   0   1   0   0   0   0   
 8:  0   0   0   0   1   0   0   0   0   


The Shortest Path is: 

 0:   -1  6  7  8 -1 -1 -1 -1 -1
 1:    6 -1  7  8 -1  6 -1 -1 -1
 2:    7  7 -1  8 -1  7  7 -1 -1
 3:    8  8  8 -1 -1  8  8  8 -1
 4:   -1 -1 -1 -1 -1 -1 -1 -1 -1
 5:   -1  6  7  8 -1 -1  0  0  0
 6:   -1 -1  7  8 -1  0 -1  0  0
 7:   -1 -1 -1  8 -1  0  0 -1  0
 8:   -1 -1 -1 -1 -1  0  0  0 -1
